%YAML:1.0
---

cameraMatrix: !!opencv-matrix
  rows: 3
  cols: 3
  dt: d
  data: [1.3009e+03,0,636.1498,
         0,1.3017e+03,523.8263,
         0,0,1 ]
distCoeffs: !!opencv-matrix
  rows: 5
  cols: 1
  dt: d
  data: [-0.1213,0.4410,0,0.0031,5.3141e-04]

calMatrix: !!opencv-matrix
  rows: 4
  cols: 4
  dt: d
  data: [1,0,0,0,
         0,1,0,0,
         0,0,1,0,
         0,0,0,1]



